1.338282
2.3717
2.755165
4.834635
435.363216
33.606876
645.49649
3.139271
765.256249
65.329279
52.658025
76.068804
87.02385
67.961287
67.146931
-0.121021
0.467711
-0.10857
-0.082781
-0.151143
-0.17275
-0.32873
0.004105
0.302911
0.338557
0.464354
-0.197531
-0.099292
-0.009842
-0.097064
0.120746
-0.399594
0.257744
0.009934
0.041215
0.202353
0.098163
0.340876
0.11858
-0.121082
-0.015
0.003037
-0.05266
-0.402921
0.265801
-0.292016
-0.370266
-0.160268
-0.376583
-0.486724
0.175283
-0.468047
-0.078356
0.40997
0.363124
-0.42114
0.217154
0.412168
0.098743
-0.07915
0.218528
0.304651
-0.204184
-0.487335
-0.026017
-0.294946
-0.185202
0.132801
0.068682
-0.403287
0.489502
0.4288
0.113117
-0.011612
-0.227409
0.105457
-0.196097
-0.14272
0.031816
-0.33816
0.337794
0.03148
0.027451
-0.416868
0.460692
0.168203
-0.397092
0.394192
-0.067248
0.483703
0.119556
0.480255
-0.309595
0.391751
0.166677
0.081805
0.487274
-0.293664
-0.421873
0.369472
0.294519
-0.434874
0.287194
0.004959
0.242485
-0.270074
0.050066
0.095111
0.384487
0.420133
-0.429777
-0.055895
0.064135
0.335963
0.054033
-0.488586
0.167287
0.027268
-0.27044
-0.019456
0.04033
0.264153
0.35931
0.345759
0.355342
-0.434172
0.278436
0.4223
-0.295923
-0.455718
-0.010361
0.186911
0.201682
0.21807
-0.154134
-0.145253
-0.118946
-0.046556
-0.147755
-0.401517
0.160146
0.188742
0.118244
0.316736
0.162099
-0.402188
-0.008347
0.357082
0.170614
-0.150227
0.405454
-0.399106
0.001022
-0.380032
0.468627
-0.184561
-0.431059
0.009842
-0.16744
-0.320154
0.437193
0.030686
-0.135975
0.39114
-0.37756
0.308618
0.156087
0.256706
0.443236
-0.333979
0.407895
0.179373
-0.310297
-0.263421
0.205374
0.441038
-0.102435
0.269524
-0.26693
-0.308405
0.005997
0.279504
-0.050859
-0.450591
0.182272
-0.30108
0.254357
-0.281304
0.09328
-0.31222
0.186697
0.03151
0.405576
0.258538
0.172292
0.319239
-0.204611
0.371273
-0.135517
-0.479369
0.249504
0.156056
0.102039
-0.067339
-0.061693
0.418485
0.017472
0.009629
0.442656
0.084613
0.327418
-0.382168
-0.384854
-0.258538
0.335505
0.15154
-0.142232
-0.070116
-0.320307
0.416135
0.096454
0.345119
0.354762
-0.314447
0.234458
-0.397916
0.041551
-0.16039
0.365261
-0.278375
0.274102
-0.012345
-0.473327
-0.006973
0.475921
0.484649
0.277245
0.370357
0.396573
-0.253563
-0.124287
0.058031
-0.020035
-0.230186
0.345973
0.442015
0.195669
-0.236045
0.20745
0.023087
-0.136006
-0.200491
0.153005
-0.491668
0.006912
-0.11858
0.455351
-0.283105
-0.244743
0.351985
0.383053
0.456725
0.344142
0.030015
0.407895
0.027818
0.227042
-0.007248
0.4841
-0.49057
-0.159108
0.406613
0.181356
0.485931
0.052324
0.31283
-0.047411
0.368648
-0.183065
-0.225364
0.317469
-0.029984
0.082904
0.292016
0.243645
0.485443
0.469604
-0.110065
-0.494049
-0.460265
-0.246818
-0.21279
0.306085
0.454619
-0.309931
0.051286
-0.067644
0.392544
0.209189
0.145711
-0.257317
-0.465728
-0.494964
-0.223563
0.250481
-0.054338
0.062273
-0.056688
-0.40463
0.290185
0.142964
-0.397275
0.180288
0.043352
-0.231742
-0.152089
-0.244743
0.365413
-0.27459
0.013047
-0.269646
0.288598
-0.36877
-0.392544
-0.002152
0.374813
-0.416379
0.486328
0.045671
-0.499542
0.432371
0.163472
-0.356838
-0.075457
0.19982
-0.326411
-0.1198
0.295953
-0.316065
-0.110828
-0.158925
-0.243309
-0.226432
-0.301294
-0.305445
-0.202994
-0.491729
-0.047136
0.48117
0.018693
0.413388
-0.416013
0.37875
0.462767
0.141591
-0.193838
-0.271874
-0.342067
-0.047197
-0.198843
-0.400357
0.04619
0.062792
-0.202719
0.181845
-0.058763
0.392239
-0.052995
-0.226157
-0.32342
-0.252403
-0.090625
-0.337519
0.099445
-0.035112
-0.455748
-0.334773
0.066271
0.047288
-0.376339
-0.379269
0.096881
-0.171438
-0.03267
-0.392422
-0.157308
0.192709
-0.092059
0.172964
-0.47409
0.381832
0.493133
0.352351
0.00557
0.423032
0.329646
-0.238701
-0.373409
0.205557
0.476745
-0.458922
-0.491211
0.23986
0.294244
0.438841
0.430998
-0.370785
-0.347713
-0.196493
-0.032456
0.285974
0.408475
-0.220237
0.032823
-0.077563
-0.441221
0.479705
0.490265
-0.150716
-0.031266
0.41464
-0.018021
0.111164
0.090777
-0.031968
-0.364345
-0.008194
-0.42581
0.190359
-0.195853
0.419401
0.174154
-0.30221
0.494934
0.303522
-0.134754
-0.044542
-0.354854
0.335261
-0.433012
-0.273217
-0.101459
0.281152
0.386593
-0.029832
0.040635
0.302637
-0.214652
-0.035997
-0.25164
0.33227
-0.424314
-0.058336
-0.189505
0.037553
0.15392
0.017289
0.474822
0.404172
-0.124012
-0.315882
0.07857
0.469481
-0.018082
-0.333979
-0.381375
0.237632
-0.024796
0.40405
0.416959
0.307764
-0.136158
-0.041246
-0.461821
0.245964
0.1686
-0.389859
0.11568
0.233116
0.105304
-0.064226
0.241386
0.018876
-0.152791
-0.351222
-0.422849
-0.286035
0.273644
-0.023057
0.342586
0.451353
0.111225
-0.136036
-0.164113
0.447874
-0.126118
-0.225791
0.144826
0.497589
-0.491821
